version https://git-lfs.github.com/spec/v1
oid sha256:4065039f22b105367a346c09b8774db0cca9ba0a638017de5f42a0a5f31fb544
size 157920398
